{
  "Nissan_Mobile Anwendung": {
    "Clusters": [
      {
        "Index": 0,
        "Mean": [
          1.048439054362069,
          8.53602426001553,
          1.5725478257089074
        ],
        "Covariance": [
          [
            0.050645471269672934,
            0.30899863180354481,
            0.0078810162999746382
          ],
          [
            0.30899863180354481,
            5.1090959187212626,
            0.042545218603420663
          ],
          [
            0.0078810162999746382,
            0.042545218603420663,
            1.2250493505202191
          ]
        ],
        "Proportion": 0.11
      },
      {
        "Index": 1,
        "Mean": [
          1.7310505499268571,
          4.0203908241291417,
          33.706563706563706
        ],
        "Covariance": [
          [
            "NaN",
            "NaN",
            "NaN"
          ],
          [
            "NaN",
            "NaN",
            "NaN"
          ],
          [
            "NaN",
            "NaN",
            "NaN"
          ]
        ],
        "Proportion": 0.01
      },
      {
        "Index": 2,
        "Mean": [
          0.98984115256741778,
          2.3827956989247316,
          53.213333333333331
        ],
        "Covariance": [
          [
            "NaN",
            "NaN",
            "NaN"
          ],
          [
            "NaN",
            "NaN",
            "NaN"
          ],
          [
            "NaN",
            "NaN",
            "NaN"
          ]
        ],
        "Proportion": 0.01
      },
      {
        "Index": 3,
        "Mean": [
          1.1062146936058497,
          3.6051737186308008,
          7.8058261891856757
        ],
        "Covariance": [
          [
            0.017011906962640079,
            0.062385014575780245,
            -0.099488038029874118
          ],
          [
            0.062385014575780245,
            0.86443441866923409,
            -0.026592104244680736
          ],
          [
            -0.099488038029874118,
            -0.026592104244680736,
            1.256375040181279
          ]
        ],
        "Proportion": 0.05
      },
      {
        "Index": 4,
        "Mean": [
          1.0741051935575579,
          3.5059797882606487,
          1.30503016467449
        ],
        "Covariance": [
          [
            0.095425720201184769,
            0.015472609914835449,
            -0.009877145813999913
          ],
          [
            0.015472609914835449,
            1.113521951704364,
            -0.0076721239381517155
          ],
          [
            -0.009877145813999913,
            -0.0076721239381517155,
            0.45210348463817218
          ]
        ],
        "Proportion": 0.5
      },
      {
        "Index": 5,
        "Mean": [
          1.069215639411234,
          3.6266172282808204,
          3.6225378152920302
        ],
        "Covariance": [
          [
            0.06740239652423903,
            0.0065068240510843117,
            -0.0054127643453475982
          ],
          [
            0.0065068240510843117,
            1.1293165019704443,
            0.0668714465820903
          ],
          [
            -0.0054127643453475982,
            0.0668714465820903,
            0.68462157626453624
          ]
        ],
        "Proportion": 0.29
      },
      {
        "Index": 6,
        "Mean": [
          1.0419625550379734,
          4.9285569441323238,
          21.674311952916785
        ],
        "Covariance": [
          [
            0.0151996652905924,
            0.11676837137383526,
            -0.17013234597515051
          ],
          [
            0.11676837137383526,
            3.2351409352642246,
            3.0360808941471653
          ],
          [
            -0.17013234597515051,
            3.0360808941471653,
            9.9717613368617943
          ]
        ],
        "Proportion": 0.03
      }
    ],
    "K": 7,
    "Dimension": 3,
    "Distance": {
      "Delegate": {},
      "method0": {
        "Name": "SquareEuclidean",
        "AssemblyName": "Accord.Math, Version=3.0.2.0, Culture=neutral, PublicKeyToken=fa1a88e29555ccf7",
        "ClassName": "Accord.Math.Distance",
        "Signature": "Double SquareEuclidean(Double[], Double[])",
        "Signature2": "System.Double SquareEuclidean(System.Double[], System.Double[])",
        "MemberType": 8,
        "GenericArguments": null
      }
    },
    "ComputeInformation": true,
    "UseCentroidSeeding": true,
    "MaxIterations": 0,
    "Tolerance": 0.00001,
    "Iterations": 12
  },
  "Nissan_Stationäre Anwendung": {
    "Clusters": [
      {
        "Index": 0,
        "Mean": [
          1.0911213927787153,
          6.8785247589974565,
          1.1597923065184259
        ],
        "Covariance": [
          [
            0.06425856986462937,
            0.088248950935810283,
            0.021468197835896395
          ],
          [
            0.088248950935810283,
            2.3562762783717788,
            0.11852919368497174
          ],
          [
            0.021468197835896395,
            0.11852919368497174,
            0.42310875419347221
          ]
        ],
        "Proportion": 0.1761006289308176
      },
      {
        "Index": 1,
        "Mean": [
          0.83797395496078853,
          6.2185514612452346,
          194.25925925925927
        ],
        "Covariance": [
          [
            "NaN",
            "NaN",
            "NaN"
          ],
          [
            "NaN",
            "NaN",
            "NaN"
          ],
          [
            "NaN",
            "NaN",
            "NaN"
          ]
        ],
        "Proportion": 0.0062893081761006293
      },
      {
        "Index": 2,
        "Mean": [
          1.1334523426558396,
          4.9410013361069387,
          37.966824229691881
        ],
        "Covariance": [
          [
            0.0032816089704832746,
            0.031660016053603836,
            0.6299759872713957
          ],
          [
            0.031660016053603836,
            8.9357587733190265,
            -13.543836219883106
          ],
          [
            0.6299759872713957,
            -13.543836219883106,
            202.16653796935447
          ]
        ],
        "Proportion": 0.025157232704402517
      },
      {
        "Index": 3,
        "Mean": [
          1.0883074715898364,
          2.1165387299371945,
          245.15384615384616
        ],
        "Covariance": [
          [
            "NaN",
            "NaN",
            "NaN"
          ],
          [
            "NaN",
            "NaN",
            "NaN"
          ],
          [
            "NaN",
            "NaN",
            "NaN"
          ]
        ],
        "Proportion": 0.0062893081761006293
      },
      {
        "Index": 4,
        "Mean": [
          1.087490669252859,
          4.0665829180072119,
          4.233008501934421
        ],
        "Covariance": [
          [
            0.049087467646773159,
            0.032892277193798967,
            0.0028239776355857425
          ],
          [
            0.032892277193798967,
            1.9534473412378883,
            0.21167779730766789
          ],
          [
            0.0028239776355857425,
            0.21167779730766789,
            1.6489180954968232
          ]
        ],
        "Proportion": 0.27044025157232704
      },
      {
        "Index": 5,
        "Mean": [
          0.85003760504888648,
          4.5149892933618849,
          162.955223880597
        ],
        "Covariance": [
          [
            "NaN",
            "NaN",
            "NaN"
          ],
          [
            "NaN",
            "NaN",
            "NaN"
          ],
          [
            "NaN",
            "NaN",
            "NaN"
          ]
        ],
        "Proportion": 0.0062893081761006293
      },
      {
        "Index": 6,
        "Mean": [
          1.0627939212524336,
          3.1719547767801655,
          1.2662719355851109
        ],
        "Covariance": [
          [
            0.062528588088753528,
            -0.033287865703786,
            -0.019132010492579048
          ],
          [
            -0.033287865703786,
            0.9042003006673,
            0.011928859045649977
          ],
          [
            -0.019132010492579048,
            0.011928859045649977,
            0.62879135832414423
          ]
        ],
        "Proportion": 0.43396226415094341
      },
      {
        "Index": 7,
        "Mean": [
          0.90345213561057736,
          4.7325984717152041,
          13.975773776303711
        ],
        "Covariance": [
          [
            0.026609030465883612,
            0.064203672611590809,
            0.53938682536623772
          ],
          [
            0.064203672611590809,
            2.4168056638060036,
            0.30449540122712143
          ],
          [
            0.53938682536623772,
            0.30449540122712143,
            21.599420728365477
          ]
        ],
        "Proportion": 0.031446540880503145
      },
      {
        "Index": 8,
        "Mean": [
          1.2748146850211477,
          13.166460283346311,
          4.1387249684042766
        ],
        "Covariance": [
          [
            0.051702011296855963,
            -0.27952074724646025,
            0.21920636379689631
          ],
          [
            -0.27952074724646025,
            10.003266053935805,
            -1.2006887147748364
          ],
          [
            0.21920636379689631,
            -1.2006887147748364,
            8.6064643248600845
          ]
        ],
        "Proportion": 0.0440251572327044
      }
    ],
    "K": 9,
    "Dimension": 3,
    "Distance": {
      "Delegate": {},
      "method0": {
        "Name": "SquareEuclidean",
        "AssemblyName": "Accord.Math, Version=3.0.2.0, Culture=neutral, PublicKeyToken=fa1a88e29555ccf7",
        "ClassName": "Accord.Math.Distance",
        "Signature": "Double SquareEuclidean(Double[], Double[])",
        "Signature2": "System.Double SquareEuclidean(System.Double[], System.Double[])",
        "MemberType": 8,
        "GenericArguments": null
      }
    },
    "ComputeInformation": true,
    "UseCentroidSeeding": true,
    "MaxIterations": 0,
    "Tolerance": 0.00001,
    "Iterations": 9
  },
  "BMW_Mobile Anwendung": {
    "Clusters": [
      {
        "Index": 0,
        "Mean": [
          1.1480403476369718,
          3.2546443124654254,
          1.8456790880287546
        ],
        "Covariance": [
          [
            0.083328735766790007,
            -0.018204303551245107,
            0.016445019039878134
          ],
          [
            -0.018204303551245107,
            1.1652977775388125,
            -0.24784600654685396
          ],
          [
            0.016445019039878134,
            -0.24784600654685396,
            1.6678611368342906
          ]
        ],
        "Proportion": 0.6292134831460674
      },
      {
        "Index": 1,
        "Mean": [
          1.2297947105603848,
          4.9211391018619928,
          873.0
        ],
        "Covariance": [
          [
            "NaN",
            "NaN",
            "NaN"
          ],
          [
            "NaN",
            "NaN",
            "NaN"
          ],
          [
            "NaN",
            "NaN",
            "NaN"
          ]
        ],
        "Proportion": 0.011235955056179775
      },
      {
        "Index": 2,
        "Mean": [
          0.91811382439359157,
          4.3645382024530015,
          57.253787878787875
        ],
        "Covariance": [
          [
            0.0001152452057927016,
            -0.025788019717590864,
            -0.17809991418307364
          ],
          [
            -0.025788019717590864,
            5.7704956694777367,
            39.852799663664669
          ],
          [
            -0.17809991418307364,
            39.852799663664669,
            275.23556588613405
          ]
        ],
        "Proportion": 0.02247191011235955
      },
      {
        "Index": 3,
        "Mean": [
          1.1611538465858167,
          4.0161572445749227,
          21.928092156286947
        ],
        "Covariance": [
          [
            0.020185983452036378,
            0.17737801085435923,
            0.11694449575913152
          ],
          [
            0.17737801085435923,
            2.1860644314203368,
            0.80094871190744787
          ],
          [
            0.11694449575913152,
            0.80094871190744787,
            1.9545467073568579
          ]
        ],
        "Proportion": 0.0449438202247191
      },
      {
        "Index": 4,
        "Mean": [
          1.0978010636470561,
          7.4823713885680734,
          2.3029245040992179
        ],
        "Covariance": [
          [
            0.035183669870785042,
            -0.010670381170381776,
            -0.12074117810986243
          ],
          [
            -0.010670381170381776,
            2.3075681589038854,
            -0.6618050775583556
          ],
          [
            -0.12074117810986243,
            -0.6618050775583556,
            1.9488254039555235
          ]
        ],
        "Proportion": 0.19101123595505617
      },
      {
        "Index": 5,
        "Mean": [
          0.6948082785577897,
          16.108945771290973,
          1.5396746857478008
        ],
        "Covariance": [
          [
            0.00019667648183667702,
            0.046291487306196019,
            0.0019887685443373579
          ],
          [
            0.046291487306196019,
            14.309350974136917,
            0.46221049253786578
          ],
          [
            0.0019887685443373579,
            0.46221049253786578,
            0.020120323921154957
          ]
        ],
        "Proportion": 0.033707865168539325
      },
      {
        "Index": 6,
        "Mean": [
          0.79325679252564907,
          3.3420115848254448,
          8.8020503070356249
        ],
        "Covariance": [
          [
            0.030156266001293622,
            0.10037129729539121,
            0.086920205987912738
          ],
          [
            0.10037129729539121,
            1.6380106194413362,
            -1.6183744405907325
          ],
          [
            0.086920205987912738,
            -1.6183744405907325,
            10.258825219052188
          ]
        ],
        "Proportion": 0.06741573033707865
      }
    ],
    "K": 7,
    "Dimension": 3,
    "Distance": {
      "Delegate": {},
      "method0": {
        "Name": "SquareEuclidean",
        "AssemblyName": "Accord.Math, Version=3.0.2.0, Culture=neutral, PublicKeyToken=fa1a88e29555ccf7",
        "ClassName": "Accord.Math.Distance",
        "Signature": "Double SquareEuclidean(Double[], Double[])",
        "Signature2": "System.Double SquareEuclidean(System.Double[], System.Double[])",
        "MemberType": 8,
        "GenericArguments": null
      }
    },
    "ComputeInformation": true,
    "UseCentroidSeeding": true,
    "MaxIterations": 0,
    "Tolerance": 0.00001,
    "Iterations": 5
  },
  "BMW_Stationäre Anwendung": {
    "Clusters": [
      {
        "Index": 0,
        "Mean": [
          1.1061170611815607,
          3.3932353394760466,
          1.9742876505193951
        ],
        "Covariance": [
          [
            0.051581704704202251,
            0.0331268395058287,
            0.054135050211419664
          ],
          [
            0.0331268395058287,
            0.31407016327671178,
            0.07332480217372471
          ],
          [
            0.054135050211419664,
            0.07332480217372471,
            0.13600622958010025
          ]
        ],
        "Proportion": 0.14743589743589744
      },
      {
        "Index": 1,
        "Mean": [
          0.93300691435420657,
          9.818309125143136,
          1.4708183776379398
        ],
        "Covariance": [
          [
            0.041358734856439414,
            0.053249233090691586,
            -0.029689961167378442
          ],
          [
            0.053249233090691586,
            0.81059336143823224,
            -0.29925636411726725
          ],
          [
            -0.029689961167378442,
            -0.29925636411726725,
            0.16043314613477464
          ]
        ],
        "Proportion": 0.044871794871794872
      },
      {
        "Index": 2,
        "Mean": [
          0.98671400755927152,
          6.179800221975583,
          17.509433962264151
        ],
        "Covariance": [
          [
            "NaN",
            "NaN",
            "NaN"
          ],
          [
            "NaN",
            "NaN",
            "NaN"
          ],
          [
            "NaN",
            "NaN",
            "NaN"
          ]
        ],
        "Proportion": 0.00641025641025641
      },
      {
        "Index": 3,
        "Mean": [
          1.2716470090464811,
          5.9096179706279788,
          3.289420921153555
        ],
        "Covariance": [
          [
            0.13601144511861096,
            -0.0015008764226591522,
            -0.12468700843381206
          ],
          [
            -0.0015008764226591522,
            0.53605917762316324,
            0.0895819169462933
          ],
          [
            -0.12468700843381206,
            0.0895819169462933,
            0.84310461841940132
          ]
        ],
        "Proportion": 0.05128205128205128
      },
      {
        "Index": 4,
        "Mean": [
          0.71905037637521718,
          6.1436077057793339,
          44.313364055299537
        ],
        "Covariance": [
          [
            "NaN",
            "NaN",
            "NaN"
          ],
          [
            "NaN",
            "NaN",
            "NaN"
          ],
          [
            "NaN",
            "NaN",
            "NaN"
          ]
        ],
        "Proportion": 0.00641025641025641
      },
      {
        "Index": 5,
        "Mean": [
          1.0844261843376215,
          1.8100354869656954,
          2.8198260311290966
        ],
        "Covariance": [
          [
            0.0264658656748629,
            -0.020391076798704343,
            -0.0096993838631290515
          ],
          [
            -0.020391076798704343,
            0.34457594107278472,
            -0.1075843099347224
          ],
          [
            -0.0096993838631290515,
            -0.1075843099347224,
            0.392695371093414
          ]
        ],
        "Proportion": 0.070512820512820512
      },
      {
        "Index": 6,
        "Mean": [
          1.3120533060079165,
          3.9560254970013062,
          8.2225955676729168
        ],
        "Covariance": [
          [
            0.064551295710440992,
            -0.033904174995104827,
            0.27638234608489382
          ],
          [
            -0.033904174995104827,
            0.42940900619227929,
            -0.5592696572284187
          ],
          [
            0.27638234608489382,
            -0.5592696572284187,
            1.6077005499686494
          ]
        ],
        "Proportion": 0.02564102564102564
      },
      {
        "Index": 7,
        "Mean": [
          1.1177216679741882,
          1.8580624262454826,
          1.0291035611958364
        ],
        "Covariance": [
          [
            0.066561910204416541,
            -0.0028961563164589311,
            -0.0072335791086908787
          ],
          [
            -0.0028961563164589311,
            0.084431329946572681,
            0.03476045546519746
          ],
          [
            -0.0072335791086908787,
            0.03476045546519746,
            0.32521215499371264
          ]
        ],
        "Proportion": 0.12179487179487179
      },
      {
        "Index": 8,
        "Mean": [
          1.0104738054063984,
          3.5029254108482104,
          0.74097522921243353
        ],
        "Covariance": [
          [
            0.049940175357471486,
            0.0067632188555390412,
            -0.031694518924218422
          ],
          [
            0.0067632188555390412,
            0.19015652703978433,
            -0.013996203100899909
          ],
          [
            -0.031694518924218422,
            -0.013996203100899909,
            0.10372195703785837
          ]
        ],
        "Proportion": 0.16666666666666666
      },
      {
        "Index": 9,
        "Mean": [
          1.0269276907435974,
          4.9495672667960218,
          1.0137816377691127
        ],
        "Covariance": [
          [
            0.040435436052420649,
            -0.0052202555292894127,
            0.0028093342080005405
          ],
          [
            -0.0052202555292894127,
            0.16892458349053616,
            -0.007638862573278558
          ],
          [
            0.0028093342080005405,
            -0.007638862573278558,
            0.28080954904023531
          ]
        ],
        "Proportion": 0.12820512820512819
      },
      {
        "Index": 10,
        "Mean": [
          1.2522440000493869,
          6.5673557400207851,
          0.74660335601851746
        ],
        "Covariance": [
          [
            0.10453818890358836,
            0.020829341975767763,
            -0.0039694770213910815
          ],
          [
            0.020829341975767763,
            0.38691018207969868,
            0.17829551293244902
          ],
          [
            -0.0039694770213910815,
            0.17829551293244902,
            0.19242046676371377
          ]
        ],
        "Proportion": 0.0641025641025641
      },
      {
        "Index": 11,
        "Mean": [
          1.0766798765683376,
          2.1116901186844657,
          4.9064787955446576
        ],
        "Covariance": [
          [
            0.11890872829672328,
            -0.082111281293634139,
            -0.081909492213145238
          ],
          [
            -0.082111281293634139,
            0.17166402609307238,
            0.04350578069379471
          ],
          [
            -0.081909492213145238,
            0.04350578069379471,
            0.21795476291580818
          ]
        ],
        "Proportion": 0.044871794871794872
      },
      {
        "Index": 12,
        "Mean": [
          1.3473632181285884,
          2.197089947089947,
          13.177865612648224
        ],
        "Covariance": [
          [
            "NaN",
            "NaN",
            "NaN"
          ],
          [
            "NaN",
            "NaN",
            "NaN"
          ],
          [
            "NaN",
            "NaN",
            "NaN"
          ]
        ],
        "Proportion": 0.00641025641025641
      },
      {
        "Index": 13,
        "Mean": [
          0.92119315043270111,
          6.5427682737169519,
          25.023474178403756
        ],
        "Covariance": [
          [
            "NaN",
            "NaN",
            "NaN"
          ],
          [
            "NaN",
            "NaN",
            "NaN"
          ],
          [
            "NaN",
            "NaN",
            "NaN"
          ]
        ],
        "Proportion": 0.00641025641025641
      },
      {
        "Index": 14,
        "Mean": [
          1.0232550586248337,
          8.2704761904761916,
          5.1441048034934491
        ],
        "Covariance": [
          [
            "NaN",
            "NaN",
            "NaN"
          ],
          [
            "NaN",
            "NaN",
            "NaN"
          ],
          [
            "NaN",
            "NaN",
            "NaN"
          ]
        ],
        "Proportion": 0.00641025641025641
      },
      {
        "Index": 15,
        "Mean": [
          1.089379678351738,
          3.2066045723962739,
          26.870036101083034
        ],
        "Covariance": [
          [
            "NaN",
            "NaN",
            "NaN"
          ],
          [
            "NaN",
            "NaN",
            "NaN"
          ],
          [
            "NaN",
            "NaN",
            "NaN"
          ]
        ],
        "Proportion": 0.00641025641025641
      },
      {
        "Index": 16,
        "Mean": [
          1.190207146040148,
          3.705508098479918,
          3.9196742193233773
        ],
        "Covariance": [
          [
            0.20226974218236335,
            0.0968806487605812,
            0.048404822537087777
          ],
          [
            0.0968806487605812,
            0.31008237417353818,
            0.15276593690917695
          ],
          [
            0.048404822537087777,
            0.15276593690917695,
            0.364184628657142
          ]
        ],
        "Proportion": 0.070512820512820512
      },
      {
        "Index": 17,
        "Mean": [
          1.1574749019602679,
          11.568886376824288,
          2.6158449337695577
        ],
        "Covariance": [
          [
            0.064246037846794515,
            0.17324841155521581,
            -0.300918042555633
          ],
          [
            0.17324841155521581,
            0.46718853196801463,
            -0.81146751812756956
          ],
          [
            -0.300918042555633,
            -0.81146751812756956,
            1.4094514054150613
          ]
        ],
        "Proportion": 0.01282051282051282
      },
      {
        "Index": 18,
        "Mean": [
          1.338610090369297,
          14.028011624349954,
          1.0702266801260376
        ],
        "Covariance": [
          [
            0.0000057762487078600006,
            -0.0015653951064740794,
            0.0015278307057387795
          ],
          [
            -0.0015653951064740794,
            0.424230666529047,
            -0.41405050773348584
          ],
          [
            0.0015278307057387795,
            -0.41405050773348584,
            0.40411463970066175
          ]
        ],
        "Proportion": 0.01282051282051282
      }
    ],
    "K": 19,
    "Dimension": 3,
    "Distance": {
      "Delegate": {},
      "method0": {
        "Name": "SquareEuclidean",
        "AssemblyName": "Accord.Math, Version=3.0.2.0, Culture=neutral, PublicKeyToken=fa1a88e29555ccf7",
        "ClassName": "Accord.Math.Distance",
        "Signature": "Double SquareEuclidean(Double[], Double[])",
        "Signature2": "System.Double SquareEuclidean(System.Double[], System.Double[])",
        "MemberType": 8,
        "GenericArguments": null
      }
    },
    "ComputeInformation": true,
    "UseCentroidSeeding": true,
    "MaxIterations": 0,
    "Tolerance": 0.00001,
    "Iterations": 7
  }
}